    第1章                  高齢化の状況
    【第1節】高齢化の状況及び【第2節】高齢期の暮らしの動向
     ○我が国の総人口に占める 65 歳以上人口の割合（高齢化率）は 29.4％
     ・我が国の総人口は、1億 2,322 万人（令和7年 10 月1日現在）。65 歳以上人口は、3,622 万人。
     ・総人口に占める 65 歳以上人口の割合（高齢化率）は 29.4％。
     ・「65～74 歳人口」は 1,495 万人、総人口に占める割合は 12.1％。「75 歳以上人口」は 2,127 万人、総人口に占
       める割合は 17.3％で、65～74 歳人口を上回っている。
     ・令和 52（2070）年には、2.6 人に1人が 65 歳以上、約4人に1人が 75 歳以上。


     図1          高齢化の推移と将来推計

      （万人）                                                                                       実績値                                    推計値                                        （％）
      14,000                                                                                                                                                                        45.0

                                                                                       12,777 12,806
                                                                         12,557 12,693               12,709 12,615                   総人口
                                                                  12,361          23    48      98
                                                            12,105 33      13                                      12,322                                                              40.0
                                                                                                                                                                               38.7
      12,000                                          11,706 4                                                            12,012                                   37.9 38.4
                                                                                1,847 1,752 1,680 1,595 1,503 1,347              11,664               37.1 37.6
                                                11,194 7                 2,001                                                          11,284 36.3
                                                                                                                          1,240
                                                  5               2,249                                                          1,169 34.8
                                         10,467             2,603                                                                       1,142
                                                                                                                                              10,880
                                                                                                                                                     10,469                            35.0
                                   9,921   0          2,751                                                                       32.3         1,103        10,051
      10,000                9,430   0           2,722                                                                      30.8                      1,041         9,615
                                                                                                                    29.4                                     966
                      9,008 0                                                                                                                                            9,159         30.0
                                         2,515                                                               28.6                                                   893
                        2                                                                                                                                                      8,700
                8,411             2,553                           高齢化率                                                                                                    836
                                                                                                      26.6
                  0                                              （65歳以上人口割合）                                                                                                    797
       8,000                2,843
                                                                                                                                                                                       25.0
                      3,012                                                                    23.0 7,735 7,509
                                                                                       8,409                       7,353 7,076 6,722
                2,979                                                                                                                   6,213 5,832
                                                                                8,622 20.2 8,103                                                     5,540
                                                                                                                                                            5,307
                                                                         8,716                                                                                     5,078               20.0
       6,000                                                      8,590                                                                                                  4,809
                                                                                 17.4                                                                                          4,535
                                                            8,251
                                                      7,883
                                                7,581
                                                                          14.6       65歳以上人口を15 ～                                                                                      15.0
                12.1 11.5
                                         7,212                                       64歳人口で支える割合
       4,000                                                       12.1
                             11.2 10.8
                                          9.8                10.3
                                                       9.1                                                                                           1,455 1,299 1,207                 10.0
                                  6,744          8.6                                                                      1,435 1,535 1,701 1,668                        1,197 1,187
                5,017 5,517 6,047                                                                           1,742 1,495
                                          7.1                                                        1,752
                                   6.3                             5.8                        1,517
       2,000           5.3   5.7                 7.9
                 4.9                                   7.4                4.8 1,301 1,407                                                                          1,266 1,137 1,063
                                                             6.6                  3.9                                            1,257 1,221 1,319 1,472 1,443                         5.0
                                                                                        3.3          1,135 1,247 1,435 1,449
                                                                                               2.8    2.3
                                                                   892 1,109                                 2.1    2.0     1.9   1.8
                                                             776                                                                         1.6    1.5   1.4    1.4    1.4   1.4   1.3
                 309 338 376 434 516 602 699                              559 677 868 1,028 450 555 616
                  97 125 145 164 194 245 313 393 485                                    269 345                            707 857 857 760 770 853 970 945 843
          0      10     13    19    25    30     39    53     79   112    158    223    24      34     42     58     76    105 124 149 198 191 182 201 234 274                         0.0
                昭和25 30 35 40 45 50 55 60 平成２ ７                    12 17 22 27 令和２ 7             12 17 22 27 32 37 42 47 52 （年）
               （1950）    （1960）
                    （1955）    （1965）
                                   （1970）
                                        （1975）
                                             （1980）
                                                  （1985）         （2000）
                                                            （1995）
                                                       （1990）         （2005）
                                                                           （2010）
                                                                                （2015）    （2025）
                                                                                     （2020）    （2030）                   （2055）
                                                                                                                   （2050）
                                                                                                              （2045）
                                                                                                         （2040）
                                                                                                    （2035）                   （2060）
                                                                                                                                  （2065）
                                                                                                                                       （2070）

               95歳以上人口                      85 ～ 94歳人口                     75 ～ 84歳人口                      65 ～ 74歳                 15 ～ 64歳                  0 ～ 14歳                  不詳

      資料：棒グラフと実線の高齢化率については、2020 年までは総務省「国勢調査」（2015 年及び 2020 年は不詳補完値による。）、2025 年は総務省
         「人口推計」   （令和７年 10 月１日現在（令和2年国勢調査を基準とする確定値））、2030 年以降は国立社会保障・人口問題研究所「日本の将
          来推計人口 ( 令和５年推計 )」の出生中位・死亡中位仮定による推計結果。
     （注 1）2015 年及び 2020 年の年齢階級別人口は不詳補完値によるため、年齢不詳は存在しない。2025 年の年齢階級別人口は、総務省統計局「令
          和2年国勢調査」     （不詳補完値）の人口に基づいて算出されていることから、年齢不詳は存在しない。2030 年以降の年齢階級別人口は、総
          務省統計局「令和2年国勢調査 参考表：不詳補完結果」による年齢不詳をあん分した人口に基づいて算出されていることから、年齢不
          詳は存在しない。なお、1950 年～2010 年の高齢化率の算出には分母から年齢不詳を除いている。ただし、1950 年及び 1955 年において割
          合を算出する際には、（注 2）における沖縄県の一部の人口を不詳には含めないものとする。
     （注 2）沖縄県の昭和 25 年 70 歳以上の外国人 136 人（男 55 人、女 81 人）及び昭和 30 年 70 歳以上 23,328 人（男 8,090 人、女 15,238 人）は 65 歳以上
          の人口から除き、不詳に含めている。
     （注 3）将来人口推計とは、基準時点までに得られた人口学的データに基づき、それまでの傾向、趨勢を将来に向けて投影するものである。基準
          時点以降の構造的な変化等により、推計以降に得られる実績や新たな将来推計との間には乖離が生じうるものであり、将来推計人口はこ
          のような実績等を踏まえて定期的に見直すこととしている。
     （注 4）平成 12 年までは、85 歳以上はまとめて「85 歳以上」の区分としている。
     （注 5）四捨五入のため合計は必ずしも一致しない。



                                                                                「高齢者」とは
       高齢者の用語は文脈や制度ごとに対象が異なり、一律の定義がない。「高齢社会対策大綱」   （令和6年9月閣議決定）では、「我が国
     の平均寿命は世界で最も高い水準となり、高齢者の体力的な若返りも指摘されている。また、65 歳以上の就業者等は増加し続けてお
     り、その意欲も高い状況にある。このような状況を踏まえれば、65 歳以上を一律に捉えることは現実的ではない。」とした上で、便
     宜上、一般通念上の「高齢者」を広く指す語として用いている。本白書においても、各種の統計や制度の定義に従う場合のほかは、
     一般通念上の「高齢者」を広く指す語として用いることとする。
       なお、高齢者の定義と区分に関しては、日本老年学会・日本老年医学会「高齢者に関する定義検討ワーキンググループ報告書」    （平
     成 29 年3月）において、75 歳以上を高齢者の新たな定義とすることが提案されている。また、日本老年学会「高齢者および高齢社
     会に関する検討ワーキンググループ報告書」   （令和6年6月）においても、75 歳以上を高齢者の新たな定義とする意義を確認するとと
     もに、今後の社会において実現を目指すべきなのは、年齢にかかわらず、希望と能力に応じて参加と活動を可能にするエイジフリー
     な社会である旨提言されている。
3
〇 65 歳以上の就業者数及び就業率は上昇
・65 歳以上の就業者数は、22 年連続で前年を上回っている。
・65 歳以上の就業率は各世代とも上昇傾向にあり、令和7年の就業率は、65～69 歳で 54.5％、70～74 歳で
 36.2％、75 歳以上で 12.6％となっている。


図2       65 歳以上の就業者数及び就業率の推移

（万人）                                                                                               （％）
                                                                                   53.6     54.5   60.0
                                                        50.3     50.8     52.0
                                     48.4      49.6
                   44.3     46.6
          42.8

                                                                 33.5     34.0     35.1     36.2   40.0
                                     32.2      32.5     32.6
                            30.2
                   27.2
          25.0

                                                                          11.4     12.0     12.6   20.0
           8.7      9.0      9.8     10.3      10.4     10.5      11.0


 1,000                                                                                             0.0

  800                       174      188       194      196      211      228      248      266
          145      155
  600                       246      275
          187      207                         296      314      316      303      292      284
  400

  200     438      444      441      428       413      399      386      383      390      392

     0
          平成28      29       30      令和元        2         3        4        5        6       7   （年）
         （2016）   （2017）   （2018）   （2019）    （2020）   （2021）   （2022）   （2023）   （2024）   （2025）

             65 ～ 69歳の就業者数                   70 ～ 74歳の就業者数               75歳以上の就業者数
             65 ～ 69歳の就業率（右目盛り）              70 ～ 74歳の就業率（右目盛り）          75歳以上の就業率（右目盛り）

 資料：総務省「労働力調査」
 （注）年平均の値




                                                                                                          4
    〇 65 歳以上の一人暮らしの者は増加
    ・65 歳以上の一人暮らしの者は男女ともに増加。
    ・昭和 55 年には 65 歳以上の男女それぞれの人口に占める一人暮らしの者の割合は男性 4.3％、女性 11.2％で
     あったが、令和2年には男性 15.0％、女性 22.1％となり、令和 32 年には男性 26.1％、女性 29.3％となると
     見込まれている。


    図3                     65 歳以上の一人暮らしの者の動向

                  （千世帯）
                                                                                                    実績値                              推計値
                   （千人）                                                                                                                                                         （％）
                   11,000                                                                                                                                     (10,751) (10,839) 32.0
                                                                                                                                                      (10,413)
                         10,500                                                                                                                                          29.3 30.0
                                                                                                                                               27.9     28.3    28.7
                         10,000
                                                                                                                                              (9,604)
                                                                                                                                     26.9                                       28.0
                          9,500                                                                                                                                         26.1
                                                                                                                           25.4
                          9,000                                                                                                                                 25.4            26.0
                                                                                                                                                                                       65




                                                                                                                                                                                       歳以上人口に占める割合（男女別、折れ線グラフ）
                                                                                                                                    (8,870)             24.2
                          8,500                                                                                           (8,155)                                               24.0
                                                                                                                 22.1                           22.3
                          8,000
                                                                                                       21.1                                                             6,334
                          7,500                                                 女            20.3                                                               6,320           22.0




         一人暮らしの者（棒グラフ）
                                                                                                                                     20.3               6,234
                          7,000                                                     19.0                        (6,717)                                                         20.0
                                                                          17.9                                             18.3
                          6,500
                                                                16.2                                  (5,928)                               女                                   18.0
                          6,000
                                                      14.7                                                       15.0                           5,932
                          5,500                                                                                                                                                 16.0

                          5,000                                                             (4,791)    13.3
                                            12.9                                                                                    5,616                                       14.0
                                                         一人暮らしの者
                          4,500     11.2                の65歳以上人口に
                                                           占める割合  (3,865) 11.1                                            5,249                                                 12.0
                          4,000
                                                          （右目盛り）
                          3,500                                                                                                                                                 10.0
                                                                         (3,032)
                                                                                     9.7                        4,409
                          3,000                男                                                      4,003                                                                     8.0
                                                               (2,202)    8.0
                          2,500
                                                       5.2                                  3,405                                                               4,432   4,505
                          2,000                                                     2,814                                                               4,179                   6.0
                                    4.3      4.6                6.1      2,290                                                                  3,672
                                                     (1,623)                                                                        3,254
                          1,500            (1,181)                                                                        2,906                                                 4.0
                                                               1,742
                                   (881)                                                                        2,308                       男
                          1,000                      1,313
                                                                                                      1,924                                                                     2.0
                                             948                                            1,386
                           500      688                                             1,051
                                                                          742
                                                310             460
                                    193   233                                                                    0.0
                             0
                                   昭和55 60 平成2         7   12   17   22   27 令和2     7   12   17   22   27   32
                                  （1980）（1985）（1990）（1995）
                                                         （2000）
                                                              （2005）
                                                                   （2010）
                                                                        （2015）
                                                                             （2020）
                                                                                  （2025）
                                                                                       （2030）
                                                                                            （2035）
                                                                                                 （2040）
                                                                                                      （2045）
                                                                                                           （2050）（年）

    資料：令和2年までは総務省「国勢調査」     、令和7年以降は国立社会保障・人口問題研究所「日本の世帯数の将来推計（全国推計）
                                                                   」（令和6
        （2024）年推計）による。
    （注 1）
        「一人暮らし」とは、上記の調査・推計における「単独世帯」又は「一般世帯（1人）」のことを指す。
    （注 2）棒グラフ上の（ ）内は 65 歳以上の一人暮らしの者の男女計。
    （注 3）四捨五入のため合計は必ずしも一致しない。
    （注 4）令和2年以前は家族類型不詳等を除いた値、令和7年以降は家族類型不詳等をあん分した値にそれぞれ基づく。




5
